57
0	0.000000	0.012597	0.025897	0.022087	0.040696	0.012282	0.020122	0.086011	0.010782	0.067320	0.032807	0.029457	0.025702	0.096729	0.025044	0.010860	0.067311	0.019495	0.019087	0.010906	0.066921	0.010922	0.011026	0.015752	0.091601	0.086367	0.072867	0.011769	0.033725	0.034340	0.005257	0.079114	0.028196	0.090725	0.034847	0.008840	0.077377	0.064604	0.051315	0.010102	0.068954	0.057641	0.005424	0.005548	0.065613	0.011768	0.028732	0.029964	0.067298	0.009533	0.013594	0.062769	0.069934	0.103040	0.073420	0.075086	0.099846
1	0.012597	0.000000	0.038283	0.024521	0.033570	0.008310	0.019553	0.083286	0.013696	0.076747	0.026785	0.022434	0.021889	0.091067	0.022015	0.014111	0.079085	0.018944	0.022821	0.013580	0.065059	0.012264	0.013733	0.015549	0.085812	0.076616	0.059245	0.013003	0.028314	0.030495	0.010558	0.072880	0.038620	0.084143	0.030295	0.011411	0.086710	0.060463	0.054848	0.012147	0.055728	0.070279	0.010647	0.013157	0.064035	0.007512	0.039515	0.023777	0.082035	0.012137	0.014879	0.085304	0.064834	0.107523	0.061546	0.071683	0.090522
10	0.025897	0.038283	0.000000	0.014878	0.029415	0.038712	0.061586	0.093047	0.026915	0.075537	0.018295	0.019366	0.052023	0.093075	0.016961	0.031413	0.078078	0.046894	0.050202	0.031408	0.093799	0.028466	0.029577	0.052245	0.074138	0.071901	0.066799	0.028952	0.017568	0.022910	0.033753	0.087870	0.006774	0.081378	0.027755	0.034266	0.078843	0.060580	0.025124	0.032552	0.058747	0.061975	0.023584	0.025962	0.069791	0.038833	0.006996	0.019743	0.077563	0.037017	0.017345	0.044086	0.066772	0.088914	0.074966	0.064195	0.112646
11	0.022087	0.024521	0.014878	0.000000	0.022517	0.020348	0.042767	0.077391	0.014542	0.080551	0.015853	0.013211	0.036516	0.091882	0.009756	0.014579	0.077116	0.042884	0.022400	0.014769	0.105800	0.015053	0.014362	0.034184	0.067365	0.079764	0.068096	0.015908	0.015329	0.017363	0.018923	0.080450	0.012825	0.079249	0.017723	0.023005	0.083811	0.058190	0.032373	0.023866	0.055704	0.049478	0.018334	0.021408	0.066571	0.021491	0.013738	0.013888	0.071641	0.025853	0.015179	0.055548	0.077107	0.085166	0.075040	0.064308	0.118799
12	0.040696	0.033570	0.029415	0.022517	0.000000	0.031924	0.055946	0.080808	0.039184	0.089846	0.023051	0.022256	0.054252	0.089204	0.022746	0.051468	0.094701	0.052373	0.057801	0.049757	0.084510	0.043745	0.051119	0.050422	0.088480	0.098072	0.057811	0.036583	0.022085	0.009171	0.042401	0.078771	0.031036	0.088543	0.008073	0.040318	0.068098	0.058388	0.055028	0.048452	0.057168	0.057994	0.036127	0.039551	0.056183	0.032199	0.030387	0.021624	0.072525	0.042451	0.020680	0.063730	0.060452	0.094901	0.081176	0.067748	0.083885
13	0.012282	0.008310	0.038712	0.020348	0.031924	0.000000	0.017391	0.083814	0.012613	0.073136	0.029713	0.020603	0.022437	0.076598	0.017168	0.013582	0.070973	0.016743	0.021163	0.013824	0.051454	0.011640	0.013535	0.013972	0.092204	0.086362	0.052966	0.012846	0.029678	0.029202	0.010487	0.063954	0.035663	0.093577	0.029716	0.010780	0.083678	0.058022	0.047767	0.011120	0.050216	0.062489	0.010331	0.013444	0.054323	0.007279	0.036213	0.020470	0.101550	0.011739	0.014336	0.080138	0.062251	0.108915	0.068507	0.077228	0.092653
14	0.020122	0.019553	0.061586	0.042767	0.055946	0.017391	0.000000	0.090009	0.024156	0.079373	0.062752	0.058678	0.051337	0.096005	0.040924	0.027700	0.094446	0.010377	0.053988	0.028596	0.073069	0.022650	0.028860	0.006574	0.092191	0.095917	0.068653	0.027160	0.062402	0.058103	0.018376	0.084424	0.066433	0.084985	0.052558	0.018823	0.081695	0.065632	0.070604	0.019965	0.064399	0.069810	0.017390	0.022574	0.069054	0.018087	0.071051	0.057032	0.084835	0.020651	0.026855	0.098694	0.072238	0.109270	0.080490	0.073955	0.126338
15	0.086011	0.083286	0.093047	0.077391	0.080808	0.083814	0.090009	0.000000	0.085322	0.062854	0.057375	0.059219	0.089706	0.010949	0.065371	0.067458	0.009604	0.098380	0.091242	0.077705	0.012343	0.074051	0.079027	0.090791	0.038502	0.046946	0.047945	0.082751	0.059108	0.069320	0.081694	0.039594	0.083025	0.050962	0.074125	0.087438	0.065462	0.047914	0.074831	0.090775	0.047838	0.051910	0.085582	0.087171	0.044994	0.080023	0.078464	0.055354	0.046082	0.091008	0.067465	0.066307	0.055325	0.085420	0.014193	0.035048	0.062346
16	0.010782	0.013696	0.026915	0.014542	0.039184	0.012613	0.024156	0.085322	0.000000	0.069539	0.032413	0.027517	0.031102	0.087455	0.019595	0.005352	0.078339	0.019671	0.016509	0.005774	0.063533	0.004792	0.005639	0.017942	0.081870	0.080939	0.065686	0.006012	0.033283	0.027176	0.008664	0.074922	0.025054	0.089270	0.034956	0.009924	0.076826	0.062712	0.050678	0.010318	0.062043	0.061545	0.009018	0.012718	0.070168	0.012500	0.026305	0.026306	0.072559	0.010899	0.014281	0.093979	0.080441	0.080467	0.078809	0.078464	0.097666
17	0.067320	0.076747	0.075537	0.080551	0.089846	0.073136	0.079373	0.062854	0.069539	0.000000	0.074880	0.098257	0.073362	0.082470	0.068435	0.075725	0.068327	0.107588	0.082474	0.086721	0.082564	0.083356	0.076113	0.083751	0.071890	0.092977	0.070827	0.073278	0.077471	0.082240	0.071368	0.075173	0.089979	0.081505	0.087941	0.076926	0.071655	0.055122	0.085081	0.082022	0.071294	0.064198	0.067225	0.081217	0.059857	0.072886	0.096848	0.075446	0.071173	0.081136	0.069635	0.067079	0.061562	0.086051	0.052557	0.079070	0.085719
18	0.032807	0.026785	0.018295	0.015853	0.023051	0.029713	0.062752	0.057375	0.032413	0.074880	0.000000	0.005543	0.036998	0.087509	0.013159	0.045490	0.069357	0.044435	0.038419	0.047490	0.081890	0.040803	0.045645	0.056449	0.064397	0.070388	0.055492	0.033389	0.003790	0.010625	0.034174	0.081818	0.017862	0.066735	0.019279	0.034510	0.073227	0.050477	0.030928	0.040453	0.046322	0.046612	0.033152	0.028938	0.064546	0.029662	0.017963	0.006600	0.063747	0.037452	0.016306	0.054758	0.063065	0.092682	0.052542	0.062833	0.090305
19	0.029457	0.022434	0.019366	0.013211	0.022256	0.020603	0.058678	0.059219	0.027517	0.098257	0.005543	0.000000	0.028738	0.077638	0.010408	0.034100	0.074270	0.053511	0.030883	0.035763	0.069585	0.038302	0.039219	0.048813	0.070646	0.074900	0.071145	0.022991	0.005704	0.009416	0.029668	0.079944	0.020731	0.077784	0.018130	0.028863	0.084670	0.058213	0.031315	0.035523	0.056994	0.046260	0.028339	0.029404	0.075317	0.020381	0.019809	0.005604	0.060814	0.031912	0.015402	0.067877	0.074308	0.088990	0.054235	0.065411	0.115580
2	0.025702	0.021889	0.052023	0.036516	0.054252	0.022437	0.051337	0.089706	0.031102	0.073362	0.036998	0.028738	0.000000	0.096906	0.041800	0.031734	0.078051	0.056174	0.019509	0.029664	0.109671	0.027984	0.030940	0.046126	0.125594	0.105342	0.073230	0.024808	0.038500	0.049041	0.029955	0.095251	0.047204	0.090434	0.053799	0.025193	0.078417	0.076542	0.046083	0.026078	0.069346	0.076136	0.025127	0.023911	0.077985	0.021400	0.049578	0.026612	0.082030	0.026955	0.019549	0.076533	0.074768	0.085671	0.062950	0.086484	0.106657
20	0.096729	0.091067	0.093075	0.091882	0.089204	0.076598	0.096005	0.010949	0.087455	0.082470	0.087509	0.077638	0.096906	0.000000	0.074230	0.062866	0.012693	0.108455	0.077329	0.071284	0.007435	0.083514	0.088297	0.112638	0.087827	0.094016	0.056618	0.082632	0.084645	0.081167	0.076912	0.112700	0.092871	0.105022	0.081688	0.082457	0.087704	0.055122	0.097589	0.094028	0.051643	0.080881	0.100384	0.105812	0.055381	0.085919	0.096340	0.095953	0.106139	0.077741	0.082326	0.101851	0.060864	0.098000	0.014526	0.087444	0.082859
21	0.025044	0.022015	0.016961	0.009756	0.022746	0.017168	0.040924	0.065371	0.019595	0.068435	0.013159	0.010408	0.041800	0.074230	0.000000	0.025372	0.073967	0.038631	0.030557	0.026108	0.073483	0.024314	0.027144	0.031601	0.081898	0.087277	0.075885	0.026953	0.012988	0.015735	0.022659	0.071402	0.017876	0.095034	0.017570	0.023611	0.071443	0.059776	0.034744	0.026368	0.058430	0.039782	0.024102	0.026555	0.073449	0.018683	0.018353	0.010985	0.089441	0.024917	0.015033	0.067778	0.070837	0.115317	0.057848	0.072743	0.116885
22	0.010860	0.014111	0.031413	0.014579	0.051468	0.013582	0.027700	0.067458	0.005352	0.075725	0.045490	0.034100	0.031734	0.062866	0.025372	0.000000	0.071691	0.025972	0.016254	0.002940	0.075991	0.004351	0.002975	0.020492	0.073085	0.081536	0.078311	0.005917	0.042965	0.043027	0.009156	0.067558	0.032945	0.094295	0.052449	0.010993	0.086561	0.080497	0.058935	0.011066	0.072225	0.079584	0.010629	0.011350	0.081390	0.012796	0.036875	0.031541	0.071812	0.011922	0.016404	0.088956	0.088753	0.093994	0.067285	0.079768	0.100343
23	0.067311	0.079085	0.078078	0.077116	0.094701	0.070973	0.094446	0.009604	0.078339	0.068327	0.069357	0.074270	0.078051	0.012693	0.073967	0.071691	0.000000	0.082807	0.062333	0.067749	0.013332	0.065777	0.067880	0.074520	0.073295	0.074945	0.061915	0.071372	0.068466	0.083646	0.070548	0.078028	0.093047	0.078862	0.084256	0.072505	0.088759	0.048758	0.077437	0.088318	0.055635	0.063137	0.075847	0.077203	0.055903	0.073147	0.089683	0.066825	0.077597	0.074320	0.062522	0.070688	0.067830	0.090244	0.011810	0.065244	0.098781
24	0.019495	0.018944	0.046894	0.042884	0.052373	0.016743	0.010377	0.098380	0.019671	0.107588	0.044435	0.053511	0.056174	0.108455	0.038631	0.025972	0.082807	0.000000	0.044419	0.027196	0.087469	0.022349	0.026757	0.008311	0.079273	0.066387	0.061494	0.028277	0.049381	0.034869	0.017155	0.066116	0.055174	0.057198	0.055331	0.019639	0.067009	0.051669	0.066067	0.022446	0.049108	0.050969	0.017429	0.023799	0.063587	0.017810	0.054691	0.045618	0.055912	0.021640	0.027766	0.093380	0.070022	0.104586	0.081512	0.057942	0.115687
25	0.019087	0.022821	0.050202	0.022400	0.057801	0.021163	0.053988	0.091242	0.016509	0.082474	0.038419	0.030883	0.019509	0.077329	0.030557	0.016254	0.062333	0.044419	0.000000	0.016023	0.074357	0.016553	0.016585	0.045566	0.090133	0.113087	0.085422	0.016960	0.039687	0.041730	0.014650	0.095728	0.047202	0.084012	0.055015	0.016635	0.104943	0.075039	0.050126	0.018143	0.073268	0.084673	0.016273	0.018138	0.079809	0.022197	0.047896	0.029122	0.113713	0.018956	0.017939	0.110696	0.086275	0.082376	0.073376	0.077824	0.100696
26	0.010906	0.013580	0.031408	0.014769	0.049757	0.013824	0.028596	0.077705	0.005774	0.086721	0.047490	0.035763	0.029664	0.071284	0.026108	0.002940	0.067749	0.027196	0.016023	0.000000	0.072381	0.004451	0.002832	0.020145	0.091572	0.084033	0.075366	0.006189	0.045207	0.043887	0.009062	0.072450	0.035207	0.081427	0.050412	0.011187	0.077889	0.073298	0.054452	0.011288	0.072611	0.079859	0.010847	0.011487	0.081574	0.013053	0.037215	0.031503	0.076355	0.012059	0.016441	0.085739	0.084865	0.102407	0.079116	0.087574	0.119743
27	0.066921	0.065059	0.093799	0.105800	0.084510	0.051454	0.073069	0.012343	0.063533	0.082564	0.081890	0.069585	0.109671	0.007435	0.073483	0.075991	0.013332	0.087469	0.074357	0.072381	0.000000	0.076424	0.076414	0.063958	0.084249	0.103291	0.051899	0.063390	0.084921	0.070764	0.055164	0.088555	0.086032	0.107315	0.071112	0.054145	0.092232	0.046338	0.093956	0.067026	0.046752	0.063557	0.057134	0.067627	0.049376	0.067248	0.084761	0.077157	0.082327	0.054685	0.075741	0.111165	0.058964	0.096882	0.015847	0.096857	0.077343
28	0.010922	0.012264	0.028466	0.015053	0.043745	0.011640	0.022650	0.074051	0.004792	0.083356	0.040803	0.038302	0.027984	0.083514	0.024314	0.004351	0.065777	0.022349	0.016553	0.004451	0.076424	0.000000	0.004351	0.017043	0.086306	0.086860	0.062624	0.005392	0.037551	0.037326	0.008846	0.061211	0.033851	0.096255	0.040246	0.009924	0.076213	0.060308	0.054202	0.010228	0.061306	0.068669	0.009372	0.012319	0.061847	0.011618	0.034969	0.029972	0.082307	0.010804	0.015010	0.084473	0.077128	0.093488	0.070365	0.090917	0.090454
29	0.011026	0.013733	0.029577	0.014362	0.051119	0.013535	0.028860	0.079027	0.005639	0.076113	0.045645	0.039219	0.030940	0.088297	0.027144	0.002975	0.067880	0.026757	0.016585	0.002832	0.076414	0.004351	0.000000	0.021437	0.084767	0.082473	0.081737	0.006197	0.048078	0.046257	0.009213	0.069789	0.031828	0.095714	0.051906	0.011019	0.085179	0.079515	0.052293	0.011204	0.079200	0.087445	0.010697	0.011611	0.082163	0.013116	0.032933	0.032343	0.081058	0.011765	0.016494	0.097727	0.089484	0.100377	0.082058	0.086490	0.118325
3	0.015752	0.015549	0.052245	0.034184	0.050422	0.013972	0.006574	0.090791	0.017942	0.083751	0.056449	0.048813	0.046126	0.112638	0.031601	0.020492	0.074520	0.008311	0.045566	0.020145	0.063958	0.017043	0.021437	0.000000	0.074169	0.072122	0.065408	0.018922	0.056383	0.041858	0.013985	0.077054	0.049987	0.069714	0.047493	0.015501	0.077892	0.058614	0.060278	0.016082	0.062505	0.064360	0.014463	0.017821	0.065387	0.014168	0.060928	0.046598	0.066114	0.016608	0.020321	0.095102	0.072438	0.105772	0.074338	0.062557	0.126585
30	0.091601	0.085812	0.074138	0.067365	0.088480	0.092204	0.092191	0.038502	0.081870	0.071890	0.064397	0.070646	0.125594	0.087827	0.081898	0.073085	0.073295	0.079273	0.090133	0.091572	0.084249	0.086306	0.084767	0.074169	0.000000	0.012926	0.078841	0.088702	0.068301	0.060999	0.078153	0.012882	0.076766	0.012570	0.086961	0.081959	0.015688	0.073926	0.074253	0.087328	0.079973	0.064053	0.081316	0.077927	0.083091	0.091690	0.078375	0.070396	0.016504	0.082144	0.090791	0.048183	0.087666	0.094974	0.066666	0.011678	0.111148
31	0.086367	0.076616	0.071901	0.079764	0.098072	0.086362	0.095917	0.046946	0.080939	0.092977	0.070388	0.074900	0.105342	0.094016	0.087277	0.081536	0.074945	0.066387	0.113087	0.084033	0.103291	0.086860	0.082473	0.072122	0.012926	0.000000	0.084124	0.099862	0.068130	0.074521	0.082402	0.016133	0.075140	0.016920	0.088944	0.089523	0.017037	0.078715	0.088450	0.103152	0.078347	0.083243	0.083598	0.094772	0.085415	0.086647	0.070571	0.073920	0.016287	0.093988	0.088527	0.037515	0.099509	0.069605	0.087155	0.011527	0.096653
32	0.072867	0.059245	0.066799	0.068096	0.057811	0.052966	0.068653	0.047945	0.065686	0.070827	0.055492	0.071145	0.073230	0.056618	0.075885	0.078311	0.061915	0.061494	0.085422	0.075366	0.051899	0.062624	0.081737	0.065408	0.078841	0.084124	0.000000	0.059179	0.060124	0.077276	0.058126	0.076173	0.072959	0.065779	0.067076	0.061360	0.064341	0.005147	0.072252	0.074656	0.005071	0.063604	0.057882	0.065703	0.005330	0.058409	0.074690	0.060409	0.062361	0.066916	0.059817	0.065649	0.005589	0.105122	0.046637	0.051994	0.090359
33	0.011769	0.013003	0.028952	0.015908	0.036583	0.012846	0.027160	0.082751	0.006012	0.073278	0.033389	0.022991	0.024808	0.082632	0.026953	0.005917	0.071372	0.028277	0.016960	0.006189	0.063390	0.005392	0.006197	0.018922	0.088702	0.099862	0.059179	0.000000	0.035328	0.034185	0.010900	0.073766	0.031836	0.088681	0.033541	0.011126	0.072408	0.054534	0.059041	0.011325	0.057404	0.066998	0.010833	0.012906	0.061007	0.012267	0.033264	0.022245	0.064807	0.012154	0.015054	0.087377	0.063300	0.089377	0.067156	0.079552	0.102321
34	0.033725	0.028314	0.017568	0.015329	0.022085	0.029678	0.062402	0.059108	0.033283	0.077471	0.003790	0.005704	0.038500	0.084645	0.012988	0.042965	0.068466	0.049381	0.039687	0.045207	0.084921	0.037551	0.048078	0.056383	0.068301	0.068130	0.060124	0.035328	0.000000	0.010807	0.036517	0.082560	0.017934	0.068830	0.019215	0.036841	0.076216	0.058915	0.033832	0.041037	0.052661	0.044831	0.035490	0.029073	0.075526	0.030687	0.017891	0.006622	0.065890	0.040202	0.016730	0.055980	0.064694	0.071695	0.053869	0.063584	0.090352
35	0.034340	0.030495	0.022910	0.017363	0.009171	0.029202	0.058103	0.069320	0.027176	0.082240	0.010625	0.009416	0.049041	0.081167	0.015735	0.043027	0.083646	0.034869	0.041730	0.043887	0.070764	0.037326	0.046257	0.041858	0.060999	0.074521	0.077276	0.034185	0.010807	0.000000	0.031867	0.079221	0.021765	0.072903	0.006977	0.034344	0.074522	0.054766	0.035487	0.042989	0.051538	0.044003	0.032696	0.030566	0.076051	0.029122	0.021046	0.010720	0.066305	0.035425	0.016796	0.063425	0.080043	0.086832	0.080524	0.054145	0.096680
36	0.005257	0.010558	0.033753	0.018923	0.042401	0.010487	0.018376	0.081694	0.008664	0.071368	0.034174	0.029668	0.029955	0.076912	0.022659	0.009156	0.070548	0.017155	0.014650	0.009062	0.055164	0.008846	0.009213	0.013985	0.078153	0.082402	0.058126	0.010900	0.036517	0.031867	0.000000	0.074515	0.031685	0.086181	0.039364	0.008177	0.088638	0.057783	0.051105	0.008880	0.056168	0.062469	0.005492	0.007140	0.058963	0.010211	0.035467	0.027886	0.077209	0.008818	0.013597	0.072916	0.071067	0.093407	0.071775	0.074465	0.116335
37	0.079114	0.072880	0.087870	0.080450	0.078771	0.063954	0.084424	0.039594	0.074922	0.075173	0.081818	0.079944	0.095251	0.112700	0.071402	0.067558	0.078028	0.066116	0.095728	0.072450	0.088555	0.061211	0.069789	0.077054	0.012882	0.016133	0.076173	0.073766	0.082560	0.079221	0.074515	0.000000	0.073915	0.011624	0.105249	0.080437	0.013556	0.064088	0.092549	0.072333	0.065035	0.074240	0.077488	0.076514	0.081412	0.057436	0.074303	0.082473	0.014201	0.083014	0.074791	0.045447	0.076923	0.092090	0.069424	0.010286	0.096206
38	0.028196	0.038620	0.006774	0.012825	0.031036	0.035663	0.066433	0.083025	0.025054	0.089979	0.017862	0.020731	0.047204	0.092871	0.017876	0.032945	0.093047	0.055174	0.047202	0.035207	0.086032	0.033851	0.031828	0.049987	0.076766	0.075140	0.072959	0.031836	0.017934	0.021765	0.031685	0.073915	0.000000	0.075931	0.026287	0.032518	0.085243	0.058823	0.018981	0.036165	0.057505	0.062852	0.027503	0.024454	0.083974	0.037150	0.003717	0.019131	0.084509	0.035162	0.015795	0.055801	0.069599	0.080247	0.071890	0.072995	0.098974
39	0.090725	0.084143	0.081378	0.079249	0.088543	0.093577	0.084985	0.050962	0.089270	0.081505	0.066735	0.077784	0.090434	0.105022	0.095034	0.094295	0.078862	0.057198	0.084012	0.081427	0.107315	0.096255	0.095714	0.069714	0.012570	0.016920	0.065779	0.088681	0.068830	0.072903	0.086181	0.011624	0.075931	0.000000	0.088147	0.094987	0.010041	0.062155	0.104420	0.104323	0.057103	0.058997	0.082444	0.087684	0.066551	0.109523	0.076429	0.076228	0.013114	0.094569	0.102868	0.058237	0.066651	0.083917	0.092591	0.010704	0.084890
4	0.034847	0.030295	0.027755	0.017723	0.008073	0.029716	0.052558	0.074125	0.034956	0.087941	0.019279	0.018130	0.053799	0.081688	0.017570	0.052449	0.084256	0.055331	0.055015	0.050412	0.071112	0.040246	0.051906	0.047493	0.086961	0.088944	0.067076	0.033541	0.019215	0.006977	0.039364	0.105249	0.026287	0.088147	0.000000	0.039861	0.063770	0.073145	0.048256	0.045474	0.062999	0.065357	0.035207	0.033855	0.071370	0.029531	0.024810	0.017626	0.073171	0.042772	0.017214	0.067098	0.076212	0.089319	0.076043	0.071310	0.102947
40	0.008840	0.011411	0.034266	0.023005	0.040318	0.010780	0.018823	0.087438	0.009924	0.076926	0.034510	0.028863	0.025193	0.082457	0.023611	0.010993	0.072505	0.019639	0.016635	0.011187	0.054145	0.009924	0.011019	0.015501	0.081959	0.089523	0.061360	0.011126	0.036841	0.034344	0.008177	0.080437	0.032518	0.094987	0.039861	0.000000	0.064210	0.059488	0.057565	0.008631	0.059952	0.062371	0.005826	0.010325	0.062934	0.010759	0.033345	0.030353	0.084176	0.005908	0.013717	0.094283	0.070426	0.114303	0.069159	0.083171	0.094785
41	0.077377	0.086710	0.078843	0.083811	0.068098	0.083678	0.081695	0.065462	0.076826	0.071655	0.073227	0.084670	0.078417	0.087704	0.071443	0.086561	0.088759	0.067009	0.104943	0.077889	0.092232	0.076213	0.085179	0.077892	0.015688	0.017037	0.064341	0.072408	0.076216	0.074522	0.088638	0.013556	0.085243	0.010041	0.063770	0.064210	0.000000	0.059547	0.082653	0.107947	0.065188	0.073777	0.078095	0.100017	0.073545	0.089212	0.085724	0.078077	0.014596	0.072217	0.106092	0.052851	0.076866	0.077682	0.080348	0.011645	0.096681
42	0.064604	0.060463	0.060580	0.058190	0.058388	0.058022	0.065632	0.047914	0.062712	0.055122	0.050477	0.058213	0.076542	0.055122	0.059776	0.080497	0.048758	0.051669	0.075039	0.073298	0.046338	0.060308	0.079515	0.058614	0.073926	0.078715	0.005147	0.054534	0.058915	0.054766	0.057783	0.064088	0.058823	0.062155	0.073145	0.059488	0.059547	0.000000	0.059740	0.070067	0.004066	0.058540	0.056972	0.060167	0.005197	0.054211	0.058479	0.053563	0.061025	0.065076	0.061270	0.070251	0.005295	0.092687	0.040948	0.056201	0.084837
43	0.051315	0.054848	0.025124	0.032373	0.055028	0.047767	0.070604	0.074831	0.050678	0.085081	0.030928	0.031315	0.046083	0.097589	0.034744	0.058935	0.077437	0.066067	0.050126	0.054452	0.093956	0.054202	0.052293	0.060278	0.074253	0.088450	0.072252	0.059041	0.033832	0.035487	0.051105	0.092549	0.018981	0.104420	0.048256	0.057565	0.082653	0.059740	0.000000	0.059625	0.069983	0.079757	0.055865	0.044138	0.066820	0.050636	0.018372	0.031334	0.084594	0.060112	0.018740	0.058926	0.081397	0.096497	0.075824	0.084866	0.111460
44	0.010102	0.012147	0.032552	0.023866	0.048452	0.011120	0.019965	0.090775	0.010318	0.082022	0.040453	0.035523	0.026078	0.094028	0.026368	0.011066	0.088318	0.022446	0.018143	0.011288	0.067026	0.010228	0.011204	0.016082	0.087328	0.103152	0.074656	0.011325	0.041037	0.042989	0.008880	0.072333	0.036165	0.104323	0.045474	0.008631	0.107947	0.070067	0.059625	0.000000	0.070414	0.059124	0.008286	0.010327	0.069630	0.011080	0.036156	0.036498	0.088535	0.009237	0.014243	0.083438	0.078275	0.093768	0.078047	0.085285	0.097351
45	0.068954	0.055728	0.058747	0.055704	0.057168	0.050216	0.064399	0.047838	0.062043	0.071294	0.046322	0.056994	0.069346	0.051643	0.058430	0.072225	0.055635	0.049108	0.073268	0.072611	0.046752	0.061306	0.079200	0.062505	0.079973	0.078347	0.005071	0.057404	0.052661	0.051538	0.056168	0.065035	0.057505	0.057103	0.062999	0.059952	0.065188	0.004066	0.069983	0.070414	0.000000	0.065528	0.052877	0.064834	0.005177	0.052957	0.055465	0.050742	0.062925	0.065382	0.059338	0.070379	0.005491	0.099538	0.044186	0.057614	0.089516
46	0.057641	0.070279	0.061975	0.049478	0.057994	0.062489	0.069810	0.051910	0.061545	0.064198	0.046612	0.046260	0.076136	0.080881	0.039782	0.079584	0.063137	0.050969	0.084673	0.079859	0.063557	0.068669	0.087445	0.064360	0.064053	0.083243	0.063604	0.066998	0.044831	0.044003	0.062469	0.074240	0.062852	0.058997	0.065357	0.062371	0.073777	0.058540	0.079757	0.059124	0.065528	0.000000	0.055025	0.056360	0.060954	0.072600	0.064470	0.034397	0.064926	0.067683	0.059932	0.053471	0.074054	0.081554	0.046854	0.055207	0.090210
47	0.005424	0.010647	0.023584	0.018334	0.036127	0.010331	0.017390	0.085582	0.009018	0.067225	0.033152	0.028339	0.025127	0.100384	0.024102	0.010629	0.075847	0.017429	0.016273	0.010847	0.057134	0.009372	0.010697	0.014463	0.081316	0.083598	0.057882	0.010833	0.035490	0.032696	0.005492	0.077488	0.027503	0.082444	0.035207	0.005826	0.078095	0.056972	0.055865	0.008286	0.052877	0.055025	0.000000	0.007135	0.060839	0.010337	0.027507	0.027442	0.092882	0.005919	0.012841	0.081975	0.067367	0.101430	0.069225	0.083854	0.112809
48	0.005548	0.013157	0.025962	0.021408	0.039551	0.013444	0.022574	0.087171	0.012718	0.081217	0.028938	0.029404	0.023911	0.105812	0.026555	0.011350	0.077203	0.023799	0.018138	0.011487	0.067627	0.012319	0.011611	0.017821	0.077927	0.094772	0.065703	0.012906	0.029073	0.030566	0.007140	0.076514	0.024454	0.087684	0.033855	0.010325	0.100017	0.060167	0.044138	0.010327	0.064834	0.056360	0.007135	0.000000	0.062973	0.012660	0.023505	0.029339	0.094634	0.011020	0.013145	0.080832	0.072895	0.091414	0.075721	0.079142	0.108543
49	0.065613	0.064035	0.069791	0.066571	0.056183	0.054323	0.069054	0.044994	0.070168	0.059857	0.064546	0.075317	0.077985	0.055381	0.073449	0.081390	0.055903	0.063587	0.079809	0.081574	0.049376	0.061847	0.082163	0.065387	0.083091	0.085415	0.005330	0.061007	0.075526	0.076051	0.058963	0.081412	0.083974	0.066551	0.071370	0.062934	0.073545	0.005197	0.066820	0.069630	0.005177	0.060954	0.060839	0.062973	0.000000	0.058638	0.083137	0.065365	0.066518	0.068723	0.060813	0.068229	0.005650	0.088685	0.040114	0.056617	0.087300
5	0.011768	0.007512	0.038833	0.021491	0.032199	0.007279	0.018087	0.080023	0.012500	0.072886	0.029662	0.020381	0.021400	0.085919	0.018683	0.012796	0.073147	0.017810	0.022197	0.013053	0.067248	0.011618	0.013116	0.014168	0.091690	0.086647	0.058409	0.012267	0.030687	0.029122	0.010211	0.057436	0.037150	0.109523	0.029531	0.010759	0.089212	0.054211	0.050636	0.011080	0.052957	0.072600	0.010337	0.012660	0.058638	0.000000	0.037109	0.020580	0.092792	0.011700	0.014114	0.085348	0.062442	0.104967	0.063630	0.072224	0.088254
6	0.028732	0.039515	0.006996	0.013738	0.030387	0.036213	0.071051	0.078464	0.026305	0.096848	0.017963	0.019809	0.049578	0.096340	0.018353	0.036875	0.089683	0.054691	0.047896	0.037215	0.084761	0.034969	0.032933	0.060928	0.078375	0.070571	0.074690	0.033264	0.017891	0.021046	0.035467	0.074303	0.003717	0.076429	0.024810	0.033345	0.085724	0.058479	0.018372	0.036156	0.055465	0.064470	0.027507	0.023505	0.083137	0.037109	0.000000	0.018418	0.088986	0.036800	0.016056	0.060052	0.075525	0.071209	0.077353	0.071706	0.098198
7	0.029964	0.023777	0.019743	0.013888	0.021624	0.020470	0.057032	0.055354	0.026306	0.075446	0.006600	0.005604	0.026612	0.095953	0.010985	0.031541	0.066825	0.045618	0.029122	0.031503	0.077157	0.029972	0.032343	0.046598	0.070396	0.073920	0.060409	0.022245	0.006622	0.010720	0.027886	0.082473	0.019131	0.076228	0.017626	0.030353	0.078077	0.053563	0.031334	0.036498	0.050742	0.034397	0.027442	0.029339	0.065365	0.020580	0.018418	0.000000	0.059862	0.035000	0.015669	0.062232	0.064263	0.079820	0.054315	0.056244	0.104860
8	0.067298	0.082035	0.077563	0.071641	0.072525	0.101550	0.084835	0.046082	0.072559	0.071173	0.063747	0.060814	0.082030	0.106139	0.089441	0.071812	0.077597	0.055912	0.113713	0.076355	0.082327	0.082307	0.081058	0.066114	0.016504	0.016287	0.062361	0.064807	0.065890	0.066305	0.077209	0.014201	0.084509	0.013114	0.073171	0.084176	0.014596	0.061025	0.084594	0.088535	0.062925	0.064926	0.092882	0.094634	0.066518	0.092792	0.088986	0.059862	0.000000	0.086427	0.079220	0.060176	0.066830	0.102427	0.064650	0.008978	0.092030
9	0.009533	0.012137	0.037017	0.025853	0.042451	0.011739	0.020651	0.091008	0.010899	0.081136	0.037452	0.031912	0.026955	0.077741	0.024917	0.011922	0.074320	0.021640	0.018956	0.012059	0.054685	0.010804	0.011765	0.016608	0.082144	0.093988	0.066916	0.012154	0.040202	0.035425	0.008818	0.083014	0.035162	0.094569	0.042772	0.005908	0.072217	0.065076	0.060112	0.009237	0.065382	0.067683	0.005919	0.011020	0.068723	0.011700	0.036800	0.035000	0.086427	0.000000	0.015146	0.082856	0.070978	0.099749	0.073789	0.076999	0.095105
AA10.hmm	0.013594	0.014879	0.017345	0.015179	0.020680	0.014336	0.026855	0.067465	0.014281	0.069635	0.016306	0.015402	0.019549	0.082326	0.015033	0.016404	0.062522	0.027766	0.017939	0.016441	0.075741	0.015010	0.016494	0.020321	0.090791	0.088527	0.059817	0.015054	0.016730	0.016796	0.013597	0.074791	0.015795	0.102868	0.017214	0.013717	0.106092	0.061270	0.018740	0.014243	0.059338	0.059932	0.012841	0.013145	0.060813	0.014114	0.016056	0.015669	0.079220	0.015146	0.000000	0.058049	0.062013	0.086294	0.050779	0.079234	0.108482
AA11.hmm	0.062769	0.085304	0.044086	0.055548	0.063730	0.080138	0.098694	0.066307	0.093979	0.067079	0.054758	0.067877	0.076533	0.101851	0.067778	0.088956	0.070688	0.093380	0.110696	0.085739	0.111165	0.084473	0.097727	0.095102	0.048183	0.037515	0.065649	0.087377	0.055980	0.063425	0.072916	0.045447	0.055801	0.058237	0.067098	0.094283	0.052851	0.070251	0.058926	0.083438	0.070379	0.053471	0.081975	0.080832	0.068229	0.085348	0.060052	0.062232	0.060176	0.082856	0.058049	0.000000	0.076856	0.036777	0.061185	0.041333	0.075192
AA13.hmm	0.069934	0.064834	0.066772	0.077107	0.060452	0.062251	0.072238	0.055325	0.080441	0.061562	0.063065	0.074308	0.074768	0.060864	0.070837	0.088753	0.067830	0.070022	0.086275	0.084865	0.058964	0.077128	0.089484	0.072438	0.087666	0.099509	0.005589	0.063300	0.064694	0.080043	0.071067	0.076923	0.069599	0.066651	0.076212	0.070426	0.076866	0.005295	0.081397	0.078275	0.005491	0.074054	0.067367	0.072895	0.005650	0.062442	0.075525	0.064263	0.066830	0.070978	0.062013	0.076856	0.000000	0.090809	0.047682	0.061135	0.084549
AA14.phmm	0.103040	0.107523	0.088914	0.085166	0.094901	0.108915	0.109270	0.085420	0.080467	0.086051	0.092682	0.088990	0.085671	0.098000	0.115317	0.093994	0.090244	0.104586	0.082376	0.102407	0.096882	0.093488	0.100377	0.105772	0.094974	0.069605	0.105122	0.089377	0.071695	0.086832	0.093407	0.092090	0.080247	0.083917	0.089319	0.114303	0.077682	0.092687	0.096497	0.093768	0.099538	0.081554	0.101430	0.091414	0.088685	0.104967	0.071209	0.079820	0.102427	0.099749	0.086294	0.036777	0.090809	0.000000	0.081777	0.079430	0.112729
AA15.hmm	0.073420	0.061546	0.074966	0.075040	0.081176	0.068507	0.080490	0.014193	0.078809	0.052557	0.052542	0.054235	0.062950	0.014526	0.057848	0.067285	0.011810	0.081512	0.073376	0.079116	0.015847	0.070365	0.082058	0.074338	0.066666	0.087155	0.046637	0.067156	0.053869	0.080524	0.071775	0.069424	0.071890	0.092591	0.076043	0.069159	0.080348	0.040948	0.075824	0.078047	0.044186	0.046854	0.069225	0.075721	0.040114	0.063630	0.077353	0.054315	0.064650	0.073789	0.050779	0.061185	0.047682	0.081777	0.000000	0.060976	0.064569
AA9.hmm	0.075086	0.071683	0.064195	0.064308	0.067748	0.077228	0.073955	0.035048	0.078464	0.079070	0.062833	0.065411	0.086484	0.087444	0.072743	0.079768	0.065244	0.057942	0.077824	0.087574	0.096857	0.090917	0.086490	0.062557	0.011678	0.011527	0.051994	0.079552	0.063584	0.054145	0.074465	0.010286	0.072995	0.010704	0.071310	0.083171	0.011645	0.056201	0.084866	0.085285	0.057614	0.055207	0.083854	0.079142	0.056617	0.072224	0.071706	0.056244	0.008978	0.076999	0.079234	0.041333	0.061135	0.079430	0.060976	0.000000	0.079485
PF11327.8	0.099846	0.090522	0.112646	0.118799	0.083885	0.092653	0.126338	0.062346	0.097666	0.085719	0.090305	0.115580	0.106657	0.082859	0.116885	0.100343	0.098781	0.115687	0.100696	0.119743	0.077343	0.090454	0.118325	0.126585	0.111148	0.096653	0.090359	0.102321	0.090352	0.096680	0.116335	0.096206	0.098974	0.084890	0.102947	0.094785	0.096681	0.084837	0.111460	0.097351	0.089516	0.090210	0.112809	0.108543	0.087300	0.088254	0.098198	0.104860	0.092030	0.095105	0.108482	0.075192	0.084549	0.112729	0.064569	0.079485	0.000000
