24
AA1.hmm	0.000000	0.093031	0.102037	0.075232	0.100689	0.082274	0.098985	0.006709	0.007813	0.007446	0.100052	0.082818	0.089474	0.074927	0.073743	0.079197	0.083779	0.066249	0.068502	0.090372	0.098892	0.077093	0.089228	0.084419
AA10.hmm	0.093031	0.000000	0.058049	0.094175	0.062013	0.086294	0.050779	0.110145	0.100587	0.123310	0.109124	0.107260	0.103150	0.098167	0.101908	0.107092	0.098218	0.082260	0.082023	0.097922	0.118713	0.115516	0.103770	0.079234
AA11.hmm	0.102037	0.058049	0.000000	0.096501	0.076856	0.036777	0.061185	0.082002	0.106775	0.098191	0.106467	0.102021	0.080612	0.087991	0.107027	0.080392	0.103100	0.104651	0.104726	0.104480	0.105180	0.100731	0.091439	0.041333
AA12.hmm	0.075232	0.094175	0.096501	0.000000	0.114456	0.091453	0.147245	0.086367	0.093045	0.080433	0.087059	0.080886	0.076590	0.088373	0.077528	0.087452	0.074366	0.063749	0.076062	0.080588	0.088980	0.087266	0.087688	0.106468
AA13.hmm	0.100689	0.062013	0.076856	0.114456	0.000000	0.090809	0.047682	0.101931	0.108181	0.130093	0.104401	0.095485	0.086386	0.089320	0.090569	0.089586	0.086441	0.098447	0.108686	0.086653	0.116751	0.094537	0.083577	0.061135
AA14.phmm	0.082274	0.086294	0.036777	0.091453	0.090809	0.000000	0.081777	0.092533	0.096393	0.088493	0.090113	0.087605	0.100720	0.110326	0.096209	0.102917	0.103651	0.101351	0.083668	0.093748	0.120579	0.112395	0.094395	0.079430
AA15.hmm	0.098985	0.050779	0.061185	0.147245	0.047682	0.081777	0.000000	0.116987	0.116216	0.109081	0.113507	0.091553	0.108665	0.099283	0.107523	0.097049	0.111846	0.097373	0.097405	0.081904	0.108886	0.110596	0.103274	0.060976
AA1_1.hmm	0.006709	0.110145	0.082002	0.086367	0.101931	0.092533	0.116987	0.000000	0.009103	0.008245	0.091919	0.084454	0.083727	0.088909	0.087599	0.091518	0.093683	0.093250	0.062419	0.080633	0.072123	0.095521	0.085651	0.080278
AA1_2.hmm	0.007813	0.100587	0.106775	0.093045	0.108181	0.096393	0.116216	0.009103	0.000000	0.009811	0.107766	0.084794	0.086258	0.083895	0.083333	0.079730	0.090123	0.102503	0.088506	0.082970	0.100319	0.104658	0.083667	0.098444
AA1_3.hmm	0.007446	0.123310	0.098191	0.080433	0.130093	0.088493	0.109081	0.008245	0.009811	0.000000	0.088754	0.088631	0.089676	0.087104	0.075665	0.090639	0.086156	0.105926	0.074512	0.077860	0.101696	0.100713	0.084938	0.094242
AA2.hmm	0.100052	0.109124	0.106467	0.087059	0.104401	0.090113	0.113507	0.091919	0.107766	0.088754	0.000000	0.094581	0.079057	0.093381	0.093476	0.072717	0.083581	0.079080	0.063948	0.082260	0.112643	0.101638	0.092759	0.094429
AA3.hmm	0.082818	0.107260	0.102021	0.080886	0.095485	0.087605	0.091553	0.084454	0.084794	0.088631	0.094581	0.000000	0.008784	0.008228	0.008628	0.018668	0.086558	0.078774	0.078261	0.081645	0.093583	0.079957	0.009189	0.096395
AA3_1.hmm	0.089474	0.103150	0.080612	0.076590	0.086386	0.100720	0.108665	0.083727	0.086258	0.089676	0.079057	0.008784	0.000000	0.009251	0.010944	0.020919	0.076559	0.064178	0.065955	0.062997	0.083294	0.080448	0.002162	0.081611
AA3_2.hmm	0.074927	0.098167	0.087991	0.088373	0.089320	0.110326	0.099283	0.088909	0.083895	0.087104	0.093381	0.008228	0.009251	0.000000	0.006629	0.023856	0.091578	0.073448	0.070936	0.081950	0.081746	0.077693	0.010099	0.108597
AA3_3.hmm	0.073743	0.101908	0.107027	0.077528	0.090569	0.096209	0.107523	0.087599	0.083333	0.075665	0.093476	0.008628	0.010944	0.006629	0.000000	0.030633	0.079159	0.079264	0.072550	0.071444	0.092872	0.078225	0.011942	0.091499
AA3_4.hmm	0.079197	0.107092	0.080392	0.087452	0.089586	0.102917	0.097049	0.091518	0.079730	0.090639	0.072717	0.018668	0.020919	0.023856	0.030633	0.000000	0.066318	0.092062	0.070885	0.065223	0.092547	0.072621	0.026277	0.089767
AA4.hmm	0.083779	0.098218	0.103100	0.074366	0.086441	0.103651	0.111846	0.093683	0.090123	0.086156	0.083581	0.086558	0.076559	0.091578	0.079159	0.066318	0.000000	0.083462	0.084362	0.079794	0.105619	0.018709	0.090226	0.108459
AA5.hmm	0.066249	0.082260	0.104651	0.063749	0.098447	0.101351	0.097373	0.093250	0.102503	0.105926	0.079080	0.078774	0.064178	0.073448	0.079264	0.092062	0.083462	0.000000	0.004242	0.003968	0.079750	0.068366	0.061361	0.078373
AA5_1.hmm	0.068502	0.082023	0.104726	0.076062	0.108686	0.083668	0.097405	0.062419	0.088506	0.074512	0.063948	0.078261	0.065955	0.070936	0.072550	0.070885	0.084362	0.004242	0.000000	0.011569	0.112128	0.086674	0.072059	0.107909
AA5_2.hmm	0.090372	0.097922	0.104480	0.080588	0.086653	0.093748	0.081904	0.080633	0.082970	0.077860	0.082260	0.081645	0.062997	0.081950	0.071444	0.065223	0.079794	0.003968	0.011569	0.000000	0.095076	0.077212	0.061584	0.086141
AA6.hmm	0.098892	0.118713	0.105180	0.088980	0.116751	0.120579	0.108886	0.072123	0.100319	0.101696	0.112643	0.093583	0.083294	0.081746	0.092872	0.092547	0.105619	0.079750	0.112128	0.095076	0.000000	0.116567	0.093805	0.125361
AA7.hmm	0.077093	0.115516	0.100731	0.087266	0.094537	0.112395	0.110596	0.095521	0.104658	0.100713	0.101638	0.079957	0.080448	0.077693	0.078225	0.072621	0.018709	0.068366	0.086674	0.077212	0.116567	0.000000	0.078669	0.115276
AA8.hmm	0.089228	0.103770	0.091439	0.087688	0.083577	0.094395	0.103274	0.085651	0.083667	0.084938	0.092759	0.009189	0.002162	0.010099	0.011942	0.026277	0.090226	0.061361	0.072059	0.061584	0.093805	0.078669	0.000000	0.086271
AA9.hmm	0.084419	0.079234	0.041333	0.106468	0.061135	0.079430	0.060976	0.080278	0.098444	0.094242	0.094429	0.096395	0.081611	0.108597	0.091499	0.089767	0.108459	0.078373	0.107909	0.086141	0.125361	0.115276	0.086271	0.000000
